· 8
vocABuLoRUM.

808880188888. 9884 888088888. 498 84846. 468
8888888884. 60’4 88488868884. 400

8188. 944 88888888. 848 , reptant 1881448884880888188

uiarum 1. 8808 8848888868 8 448 8. 888

[ias 3. 64646. 884 reparare 8, 448, 6844 8 8848488884. 8086, 8088.

81117016611 97815· 667 1111111111 69411 1141

ebat 6. 8876 8848888888. 561, 808644 4. 8088, 8868

888 8. 847 788 . 8848811888. 889, 644

88884. 988 88488818188888 animalis 8· 888811888884.919

1188408 389 88488 1188814. 988

se 369 reperim. 84948. 888, 881 116 470

8888818 4784 999, 8068 44. 8888448680 crebroque repulsu

16. 8884 8464.6 488, 8078 4. 804

18888. 484 8848881818. 48946. 8848 repulsum 4 vera 8881088

18881811181888811111 1118111111

10112121 1111Ι 204³ 1111111111· 724

88888. 964 88844. 60, 88,6 88808 88481888. 9984488846.

11888186. 649 8884 8884 8488418888 9498 9848876·

118888 8. 89 887 7884848044840 requiesce3re1. 1053

ris 88888888 8888811118 4.,88 889, 8448467 8848188886. 860

,40 8848888884. 8488 8848188884. 8090

’8888 8. 8884 repertis 4. 8 884818188. 88, 866 4 8. 988

js6. 67 repertores domatum, 88481808. 646

:itm 899 ⁰ 88488188088888. 8049 8448188888. 648

8888488446. 748. 8848888888Η889484488884 818688881888η40688, =

1088860 8881418 01- 8840, 887846. 5. 11688 888184884. 49

[ibus 18811888 6888 8848888884 887 reserata viget genitalis
888888. 7446. 787 repetam emptum perte· auraFavonh 11
ari2. 564 8888616188. 489. coms 8818888888. 60818117
88888. 847 8888888886. 986 8818810888. 800948. 899
6888 peccatapme- 8848888888. 868 88186188. 88844. 8484
s 88818 8818811188. 8848888888. 78844. 798 resilire 1. 804444. 884,
6884. 8888 regissrgaum mmm 8181119884. 801
888 8886188184881 8848184886. 668 ’ . 8810188888. 68

8881184448 8848188814. 990 8818188888. 48, 486
a, 1884844878, 884810886788 88181818. 688, 804444.
44849 46888884 8848188886. 8870
806 44 479 8891888484 8817071886. 966
8 ,71884888 8881884484μ880448.481.881018818 08848088, &ln
is’z.53413.405 41144680 > 8188888184. 879
8888. 88444886, 8881888888. 8868 881818808. 474
46 848 , rep 88888 89444. m resorbet6. 694, 8048
’68 888 817988 81² 8841868 871
natura 8888088184. 8848188886. 849 8818688868 8888

. rep 168184 844 ᾆεᾶπ 4 876

314 “1:22oe 81881088 8848088184. 684 44381088. 984
8674, 748 8848088888. 804 8818888414441·

,181888888118888 8848018188.869 ”emm .867
88848880 fulgent ζξᾶἓξέὲωφ 88 1111118164 5352
8488 8884188887 88486 118..84648 849 88318888888816.
88868044 . 848848884418848 06888878 “sm

 

