&INDEX

. 6068116 84411· 1353' Ι· 199, 4264 444, 444, 664444 4. 4644.

66146464. 484 448, 664678. aere genos 44446
ooeteffl 6. 4941664164 4. 444 6611664166. 846
64166614. 996 644169444444474994, 66644641146484
eoelestia 6444661 templa 905, 44877 6. 49, cogant 4. 467
- 4. 4464. templa 6. 449, 946 cogantur 2. 64
487, 676 . 6641644. 4696 cogas 2. 497
coelestibus flamtms 4. coelutn 1. 9, 76, 446, cogat 6. 748
4694 · 988, 469474. 464, 6674444444. 494
6441486646. 4474 447, 4644468474. cogebant 4. 484
6614648464644646, 209, 444, 446. 444, cogebat 5· 8¹01
49012·¹78‚206‚1029· 466484446644, c(tenu-3241

10⁶2 20²lt·⁹9‚ 6644844448444, 4444464
444, 97, 464,444, 447,467,448,446, 668664466748

246, 116, 412, 51¹, 648, 689, 694, 944, cogentibus 4. 84
644, 646, 686, 694, 949, 4488, 444676. cogeret. 644 7
10944118641190, 84414288418666, 4. 4649
124116814984211, 646,669,4694,4698, cog} 4. 4649 76
241, 2864444817, ¹¹04, 4447, 4444, 66844 4. 466,97
846, 4464,4469, 4444 , «7447844947
4444,4446.1441411464 coelumque 1. 74674. 466, 696,Ι
Ι4.444.144614144446- 748464474464, 644,849,4
6166166444648 6644466446. 4444664644
16641614664446664. 464, 664 847,888,96
4664746444.466476. 6446647446 4. 77 6686444784,
466646414646897 coenum ⁶. 976 6641664444,
6.- 94464414441144446- 6444746444. 159 7 4. 488, 446 7 6. 464
pla ¹· 1098· templa 448. 4494, 4444 6686661168.
Ι6466474466676. 6447464144.74 4.7, 4847
4446. 4164444444.44697 coeperunt 4. 444, 8677 8497 4. 464
644764466644. 4. 46484467 16 promptu
474. fulgentia tent· 6667411164. 4477 4. 644 quaesunt 2.
pla 4. 4941444644614 coepit 4948 7 4. 44 74. quae bene cogn·
templa 522. 16444164 644 7 4. 444, 46447 neas 2. 4689
templa 6644114761- 6. 444,4448 cognitum-69&
(11114464 tempestas 4. coeptant 4. 444 cognoris ⁶·533
· · 469. 41464 hia.4.419 coeptat 4. 467 76. 444 cognoscant 2. 7
sub coeli tegmine 1. coeptes 1.268 cognosce 1. 944
98774.66474.4644 6649444644.4ι9 6686686644,
entique 4. 446674. 668466644497 2. 444, 446
¹09915·3ttt⁶-82 coercet4. ⁶51,⁶⁶11⁶. 464, 8464
661668646644484, 444 46844444
4884464444· 8444 eoetu 1·⁶⁶7‚775‚10471 4441 t· 286
4·213‚42115·374‚ 4684484466· 166444484,
444,649,794,9747 4441414.4646 6.444,494
6.446,446,474,484, 664464444466476. 484 4444
66444

 

